100 100
111111000111000101011111100011100010101111110001110001010111111000111000101011111100011100010101111
111111000111000101011111100011100010101111110001110001010111111000111000101011111100011100010101111
111111000111000101011111100011100010101111110001110001010111111000111000101011111100011100010101111
111111000111000101011111100011100010101111110001110001010111111000111000101011111100011100010101111
111111000111000101011111100011100010101111110001110001010111111000111000101011111100011100010101111
111111000111000101011111100011100010101111110001110001010111111000111000101011111100011100010101111
111111000111000101011111100011100010101111110001110001010111111000111000101011111100011100010101111
111111000111000101011111100011100010101111110001110001010111111000111000101011111100011100010101111
111111000111000101011111100011100010101111110001110001010111111000111000101011111100011100010101111
111111000111000101011111100011100010101111110001110001010111111000111000101011111100011100010101111
111111000111000101011111100011100010101111110001110001010111111000111000101011111100011100010101111
111111000111000101011111100011100010101111110001110001010111111000111000101011111100011100010101111
111111000111000101011111100011100010101111110001110001010111111000111000101011111100011100010101111
111111000111000101011111100011100010101111110001110001010111111000111000101011111100011100010101111
111111000111000101011111100011100010101111110001110001010111111000111000101011111100011100010101111
111111000111000101011111100011100010101111110001110001010111111000111000101011111100011100010101111
111111000111000101011111100011100010101111110001110001010111111000111000101011111100011100010101111
111111000111000101011111100011100010101111110001110001010111111000111000101011111100011100010101111
111111000111000101011111100011100010101111110001110001010111111000111000101011111100011100010101111
111111000111000101011111100011100010101111110001110001010111111000111000101011111100011100010101111
111111000111000101011111100011100010101111110001110001010111111000111000101011111100011100010101111
111111000111000101011111100011100010101111110001110001010111111000111000101011111100011100010101111
111111000111000101011111100011100010101111110001110001010111111000111000101011111100011100010101111
111111000111000101011111100011100010101111110001110001010111111000111000101011111100011100010101111
111111000111000101011111100011100010101111110001110001010111111000111000101011111100011100010101111
111111000111000101011111100011100010101111110001110001010111111000111000101011111100011100010101111
111111000111000101011111100011100010101111110001110001010111111000111000101011111100011100010101111
111111000111000101011111100011100010101111110001110001010111111000111000101011111100011100010101111
111111000111000101011111100011100010101111110001110001010111111000111000101011111100011100010101111
111111000111000101011111100011100010101111110001110001010111111000111000101011111100011100010101111
111111000111000101011111100011100010101111110001110001010111111000111000101011111100011100010101111
111111000111000101011111100011100010101111110001110001010111111000111000101011111100011100010101111
111111000111000101011111100011100010101111110001110001010111111000111000101011111100011100010101111
111111000111000101011111100011100010101111110001110001010111111000111000101011111100011100010101111
111111000111000101011111100011100010101111110001110001010111111000111000101011111100011100010101111
111111000111000101011111100011100010101111110001110001010111111000111000101011111100011100010101111
111111000111000101011111100011100010101111110001110001010111111000111000101011111100011100010101111
111111000111000101011111100011100010101111110001110001010111111000111000101011111100011100010101111
111111000111000101011111100011100010101111110001110001010111111000111000101011111100011100010101111
111111000111000101011111100011100010101111110001110001010111111000111000101011111100011100010101111
111111000111000101011111100011100010101111110001110001010111111000111000101011111100011100010101111
111111000111000101011111100011100010101111110001110001010111111000111000101011111100011100010101111
111111000111000101011111100011100010101111110001110001010111111000111000101011111100011100010101111
111111000111000101011111100011100010101111110001110001010111111000111000101011111100011100010101111
111111000111000101011111100011100010101111110001110001010111111000111000101011111100011100010101111
111111000111000101011111100011100010101111110001110001010111111000111000101011111100011100010101111
111111000111000101011111100011100010101111110001110001010111111000111000101011111100011100010101111
111111000111000101011111100011100010101111110001110001010111111000111000101011111100011100010101111
111111000111000101011111100011100010101111110001110001010111111000111000101011111100011100010101111
111111000111000101011111100011100010101111110001110001010111111000111000101011111100011100010101111
111111000111000101011111100011100010101111110001110001010111111000111000101011111100011100010101111
111111000111000101011111100011100010101111110001110001010111111000111000101011111100011100010101111
111111000111000101011111100011100010101111110001110001010111111000111000101011111100011100010101111
111111000111000101011111100011100010101111110001110001010111111000111000101011111100011100010101111
111111000111000101011111100011100010101111110001110001010111111000111000101011111100011100010101111
111111000111000101011111100011100010101111110001110001010111111000111000101011111100011100010101111
111111000111000101011111100011100010101111110001110001010111111000111000101011111100011100010101111
111111000111000101011111100011100010101111110001110001010111111000111000101011111100011100010101111
111111000111000101011111100011100010101111110001110001010111111000111000101011111100011100010101111
111111000111000101011111100011100010101111110001110001010111111000111000101011111100011100010101111
111111000111000101011111100011100010101111110001110001010111111000111000101011111100011100010101111
111111000111000101011111100011100010101111110001110001010111111000111000101011111100011100010101111
111111000111000101011111100011100010101111110001110001010111111000111000101011111100011100010101111
111111000111000101011111100011100010101111110001110001010111111000111000101011111100011100010101111
111111000111000101011111100011100010101111110001110001010111111000111000101011111100011100010101111
111111000111000101011111100011100010101111110001110001010111111000111000101011111100011100010101111
111111000111000101011111100011100010101111110001110001010111111000111000101011111100011100010101111
111111000111000101011111100011100010101111110001110001010111111000111000101011111100011100010101111
111111000111000101011111100011100010101111110001110001010111111000111000101011111100011100010101111
111111000111000101011111100011100010101111110001110001010111111000111000101011111100011100010101111
111111000111000101011111100011100010101111110001110001010111111000111000101011111100011100010101111
111111000111000101011111100011100010101111110001110001010111111000111000101011111100011100010101111
111111000111000101011111100011100010101111110001110001010111111000111000101011111100011100010101111
111111000111000101011111100011100010101111110001110001010111111000111000101011111100011100010101111
111111000111000101011111100011100010101111110001110001010111111000111000101011111100011100010101111
111111000111000101011111100011100010101111110001110001010111111000111000101011111100011100010101111
111111000111000101011111100011100010101111110001110001010111111000111000101011111100011100010101111
111111000111000101011111100011100010101111110001110001010111111000111000101011111100011100010101111
111111000111000101011111100011100010101111110001110001010111111000111000101011111100011100010101111
111111000111000101011111100011100010101111110001110001010111111000111000101011111100011100010101111
111111000111000101011111100011100010101111110001110001010111111000111000101011111100011100010101111
111111000111000101011111100011100010101111110001110001010111111000111000101011111100011100010101111
111111000111000101011111100011100010101111110001110001010111111000111000101011111100011100010101111
111111000111000101011111100011100010101111110001110001010111111000111000101011111100011100010101111
111111000111000101011111100011100010101111110001110001010111111000111000101011111100011100010101111
111111000111000101011111100011100010101111110001110001010111111000111000101011111100011100010101111
111111000111000101011111100011100010101111110001110001010111111000111000101011111100011100010101111
111111000111000101011111100011100010101111110001110001010111111000111000101011111100011100010101111
111111000111000101011111100011100010101111110001110001010111111000111000101011111100011100010101111
111111000111000101011111100011100010101111110001110001010111111000111000101011111100011100010101111
111111000111000101011111100011100010101111110001110001010111111000111000101011111100011100010101111
111111000111000101011111100011100010101111110001110001010111111000111000101011111100011100010101111
111111000111000101011111100011100010101111110001110001010111111000111000101011111100011100010101111
111111000111000101011111100011100010101111110001110001010111111000111000101011111100011100010101111
111111000111000101011111100011100010101111110001110001010111111000111000101011111100011100010101111
111111000111000101011111100011100010101111110001110001010111111000111000101011111100011100010101111
111111000111000101011111100011100010101111110001110001010111111000111000101011111100011100010101111
111111000111000101011111100011100010101111110001110001010111111000111000101011111100011100010101111
111111000111000101011111100011100010101111110001110001010111111000111000101011111100011100010101111
111111000111000101011111100011100010101111110001110001010111111000111000101011111100011100010101111
